0.000000	0.000000	0.000000	0.000000	0.000000	0.000000	0.000000	0.000000	0.000000	0.000000	0.000000	0.000000	0.000000	0.000000	0.000000	0.000000	0.000000	0.000000	0.000000	0.000000	0.000000	0.000000	0.000000	0.000000	0.000000	0.000000	0.000000	0.000000	0.000000	0.000000	0.000000	0.000000	0.000000	0.000000	0.000000	0.000000	0.000000	0.000000	0.000000	0.000000	0.000000	0.000000	0.000000	0.000000	0.000000	0.000000	0.000000	0.000000	0.000000	0.000000	0.000000	0.000000	0.000000	0.000000	0.000000	0.000000	0.000000	0.000000	0.000000	0.000000	0.000000	0.000000	0.000000	0.000000	0.000000	0.000000	0.000000	0.000000	0.000000	0.000000	0.000000	0.000000	0.000000	0.000000	0.000000	0.000000	0.000000	0.000000	0.000000	0.000000	0.000000	0.000000	0.000000	0.000000	0.000000	0.000000	0.000000	0.000000	0.000000	0.000000	0.000000	0.000000	0.000000	0.000000	0.000000	0.000000	0.000000	0.000000	0.000000	0.000000	
0.000000	9017.559570	17976.597656	26826.865234	35531.125000	44066.109375	52419.285156	60585.257812	68561.953125	76348.890625	83945.906250	91353.000000	98570.171875	105597.414062	112434.742188	119082.125000	125539.585938	131807.140625	137884.750000	143772.437500	149470.218750	154978.062500	160295.953125	165423.953125	170362.031250	175110.125000	179668.390625	184036.640625	188215.015625	192203.453125	196001.953125	199610.546875	203029.187500	206257.921875	209296.750000	212145.640625	214804.546875	217273.625000	219552.703125	221641.890625	223541.156250	225250.484375	226769.890625	228099.375000	229238.890625	230188.562500	230948.218750	231518.046875	231897.859375	232087.828125	232087.828125	231897.859375	231518.046875	230948.218750	230188.562500	229238.890625	228099.375000	226769.890625	225250.484375	223541.156250	221641.890625	219552.703125	217273.625000	214804.546875	212145.640625	209296.750000	206257.921875	203029.187500	199610.546875	196001.953125	192203.453125	188215.015625	184036.640625	179668.390625	175110.125000	170362.031250	165423.953125	160295.953125	154978.062500	149470.218750	143772.437500	137884.750000	131807.140625	125539.585938	119082.125000	112434.742188	105597.414062	98570.171875	91353.000000	83945.906250	76348.890625	68561.953125	60585.257812	52419.285156	44066.109375	35531.125000	26826.865234	17976.597656	9017.559570	0.000000	
0.000000	17976.597656	35836.628906	53479.632812	70831.773438	87846.226562	104498.445312	120777.281250	136678.968750	152202.234375	167346.953125	182113.062500	196500.546875	210509.406250	224139.640625	237391.265625	250264.296875	262758.656250	274874.437500	286611.593750	297970.156250	308950.031250	319551.375000	329774.031250	339618.093750	349083.593750	358170.375000	366878.625000	375208.187500	383159.156250	390731.531250	397925.218750	404740.406250	411176.906250	417234.781250	422913.968750	428214.750000	433136.656250	437680.156250	441844.906250	445631.093750	449038.718750	452067.625000	454717.937500	456989.687500	458882.687500	460397.281250	461533.000000	462290.375000	462668.906250	462668.906250	462290.375000	461533.000000	460397.281250	458882.687500	456989.687500	454717.937500	452067.625000	449038.718750	445631.093750	441844.906250	437680.156250	433136.656250	428214.750000	422913.968750	417234.781250	411176.906250	404740.406250	397925.218750	390731.531250	383159.156250	375208.187500	366878.625000	358170.375000	349083.593750	339618.093750	329774.031250	319551.375000	308950.031250	297970.156250	286611.593750	274874.437500	262758.656250	250264.296875	237391.265625	224139.640625	210509.406250	196500.546875	182113.062500	167346.953125	152202.234375	136678.968750	120777.281250	104498.445312	87846.226562	70831.773438	53479.632812	35836.628906	17976.597656	0.000000	
0.000000	26826.865234	53479.632812	79808.742188	105703.453125	131094.531250	155944.734375	180237.984375	203968.203125	227133.859375	249734.500000	271770.187500	293240.781250	314146.406250	334487.000000	354262.562500	373473.156250	392118.718750	410199.250000	427714.750000	444665.281250	461050.781250	476871.187500	492126.687500	506817.093750	520942.500000	534502.937500	547498.187500	559928.687500	571793.937500	583094.312500	593829.687500	603999.937500	613605.312500	622645.437500	631120.812500	639030.812500	646376.312500	653156.312500	659371.562500	665021.750000	670106.812500	674627.125000	678582.125000	681972.250000	684797.375000	687057.312500	688752.625000	689882.312500	690447.562500	690447.562500	689882.312500	688752.625000	687057.312500	684797.375000	681972.250000	678582.125000	674627.125000	670106.812500	665021.750000	659371.562500	653156.312500	646376.312500	639030.812500	631120.812500	622645.437500	613605.312500	603999.937500	593829.687500	583094.312500	571793.937500	559928.687500	547498.187500	534502.937500	520942.500000	506817.093750	492126.687500	476871.187500	461050.781250	444665.281250	427714.750000	410199.250000	392118.718750	373473.156250	354262.562500	334487.000000	314146.406250	293240.781250	271770.187500	249734.500000	227133.859375	203968.203125	180237.984375	155944.734375	131094.531250	105703.453125	79808.742188	53479.632812	26826.865234	0.000000	
0.000000	35531.125000	70831.773438	105703.453125	140000.093750	173629.312500	206542.484375	238717.703125	270147.406250	300829.187500	330762.875000	359948.031250	388385.000000	416073.531250	443013.750000	469205.656250	494649.156250	519344.437500	543291.250000	566489.875000	588940.000000	610641.812500	631595.437500	651800.437500	671257.375000	689965.875000	707925.937500	725137.937500	741601.125000	757316.375000	772283.187500	786501.562500	799971.812500	812693.500000	824667.000000	835891.875000	846368.937500	856097.062500	865077.375000	873309.062500	880792.250000	887527.625000	893514.062500	898752.687500	903242.562500	906984.250000	909977.812500	912222.500000	913719.562500	914467.625000	914467.625000	913719.562500	912222.500000	909977.812500	906984.250000	903242.562500	898752.687500	893514.062500	887527.625000	880792.250000	873309.062500	865077.375000	856097.062500	846368.937500	835891.875000	824667.000000	812693.500000	799971.812500	786501.562500	772283.187500	757316.375000	741601.125000	725137.937500	707925.937500	689965.875000	671257.375000	651800.437500	631595.437500	610641.812500	588940.000000	566489.875000	543291.250000	519344.437500	494649.156250	469205.656250	443013.750000	416073.531250	388385.000000	359948.031250	330762.875000	300829.187500	270147.406250	238717.703125	206542.484375	173629.312500	140000.093750	105703.453125	70831.773438	35531.125000	0.000000	
0.000000	44066.109375	87846.226562	131094.531250	173629.312500	215336.671875	256155.609375	296059.656250	335038.781250	373090.718750	410214.343750	446410.250000	481677.656250	516017.312500	549428.625000	581912.000000	613467.250000	644094.250000	673793.437500	702564.312500	730407.125000	757322.000000	783308.500000	808367.187500	832497.562500	855699.937500	877974.375000	899320.250000	919738.625000	939228.437500	957790.312500	975424.250000	992129.875000	1007907.562500	1022756.937500	1036678.562500	1049671.625000	1061737.125000	1072874.000000	1083083.125000	1092364.250000	1100716.875000	1108141.875000	1114638.250000	1120207.000000	1124847.500000	1128559.750000	1131344.375000	1133200.125000	1134128.375000	1134128.375000	1133200.125000	1131344.375000	1128559.750000	1124847.500000	1120207.000000	1114638.250000	1108141.875000	1100716.875000	1092364.250000	1083083.125000	1072874.000000	1061737.125000	1049671.625000	1036678.562500	1022756.937500	1007907.562500	992129.875000	975424.250000	957790.312500	939228.437500	919738.625000	899320.250000	877974.375000	855699.937500	832497.562500	808367.187500	783308.500000	757322.000000	730407.125000	702564.312500	673793.437500	644094.250000	613467.250000	581912.000000	549428.625000	516017.312500	481677.656250	446410.250000	410214.343750	373090.718750	335038.781250	296059.656250	256155.609375	215336.671875	173629.312500	131094.531250	87846.226562	44066.109375	0.000000	
0.000000	52419.285156	104498.445312	155944.734375	206542.484375	256155.609375	304712.250000	352180.156250	398548.312500	443812.843750	487974.031250	531030.500000	572983.687500	613832.062500	653577.062500	692217.750000	729754.437500	766187.250000	801515.875000	835740.562500	868861.250000	900877.687500	931790.500000	961598.875000	990303.562500	1017904.125000	1044400.437500	1069793.125000	1094081.375000	1117266.000000	1139346.500000	1160322.875000	1180195.250000	1198963.500000	1216628.000000	1233188.125000	1248644.625000	1262996.750000	1276245.125000	1288389.250000	1299429.375000	1309365.750000	1318197.875000	1325926.125000	1332550.000000	1338070.125000	1342486.500000	1345798.250000	1348006.500000	1349110.250000	1349110.250000	1348006.500000	1345798.250000	1342486.500000	1338070.125000	1332550.000000	1325926.125000	1318197.875000	1309365.750000	1299429.375000	1288389.250000	1276245.125000	1262996.750000	1248644.625000	1233188.125000	1216628.000000	1198963.500000	1180195.250000	1160322.875000	1139346.500000	1117266.000000	1094081.375000	1069793.125000	1044400.437500	1017904.125000	990303.562500	961598.875000	931790.500000	900877.687500	868861.250000	835740.562500	801515.875000	766187.250000	729754.437500	692217.750000	653577.062500	613832.062500	572983.687500	531030.500000	487974.031250	443812.843750	398548.312500	352180.156250	304712.250000	256155.609375	206542.484375	155944.734375	104498.445312	52419.285156	0.000000	
0.000000	60585.257812	120777.281250	180237.984375	238717.703125	296059.656250	352180.156250	407042.812500	460633.687500	512950.062500	563989.812500	613754.375000	662242.062500	709454.562500	755390.437500	800050.687500	843434.812500	885542.937500	926375.000000	965931.187500	1004211.187500	1041215.437500	1076943.375000	1111395.625000	1144571.625000	1176471.750000	1207095.875000	1236443.750000	1264516.000000	1291312.125000	1316832.125000	1341076.250000	1364044.375000	1385736.375000	1406152.500000	1425292.375000	1443156.500000	1459744.750000	1475056.500000	1489092.625000	1501852.750000	1513336.625000	1523544.875000	1532476.750000	1540132.750000	1546512.875000	1551616.750000	1555444.875000	1557996.750000	1559272.875000	1559272.875000	1557996.750000	1555444.875000	1551616.750000	1546512.875000	1540132.750000	1532476.750000	1523544.875000	1513336.625000	1501852.750000	1489092.625000	1475056.500000	1459744.750000	1443156.500000	1425292.375000	1406152.500000	1385736.375000	1364044.375000	1341076.250000	1316832.125000	1291312.125000	1264516.000000	1236443.750000	1207095.875000	1176471.750000	1144571.625000	1111395.625000	1076943.375000	1041215.437500	1004211.187500	965931.187500	926375.000000	885542.937500	843434.812500	800050.687500	755390.437500	709454.562500	662242.062500	613754.375000	563989.812500	512950.062500	460633.687500	407042.812500	352180.156250	296059.656250	238717.703125	180237.984375	120777.281250	60585.257812	0.000000	
0.000000	68561.953125	136678.968750	203968.203125	270147.406250	335038.781250	398548.312500	460633.687500	521280.906250	580484.375000	638244.812500	694560.437500	749432.812500	802860.500000	854844.750000	905384.562500	954480.750000	1002132.562500	1048340.750000	1093104.750000	1136424.875000	1178300.750000	1218732.750000	1257720.750000	1295264.875000	1331364.875000	1366020.875000	1399232.750000	1431000.750000	1461324.875000	1490204.875000	1517641.000000	1543632.875000	1568181.000000	1591284.875000	1612944.875000	1633161.000000	1651932.750000	1669261.125000	1685144.750000	1699584.750000	1712581.125000	1724132.875000	1734241.125000	1742904.750000	1750124.750000	1755901.125000	1760232.875000	1763121.125000	1764564.750000	1764564.750000	1763121.125000	1760232.875000	1755901.125000	1750124.750000	1742904.750000	1734241.125000	1724132.875000	1712581.125000	1699584.750000	1685144.750000	1669261.125000	1651932.750000	1633161.000000	1612944.875000	1591284.875000	1568181.000000	1543632.875000	1517641.000000	1490204.875000	1461324.875000	1431000.750000	1399232.750000	1366020.875000	1331364.875000	1295264.875000	1257720.750000	1218732.750000	1178300.750000	1136424.875000	1093104.750000	1048340.750000	1002132.562500	954480.750000	905384.562500	854844.750000	802860.500000	749432.812500	694560.437500	638244.812500	580484.375000	521280.906250	460633.687500	398548.312500	335038.781250	270147.406250	203968.203125	136678.968750	68561.953125	0.000000	
0.000000	76348.890625	152202.234375	227133.859375	300829.187500	373090.718750	443812.843750	512950.062500	580484.375000	646412.625000	710732.312500	773444.562500	834548.375000	894044.500000	951932.312500	1008212.562500	1062884.250000	1115948.500000	1167404.375000	1217252.500000	1265492.375000	1312124.500000	1357148.500000	1400564.375000	1442372.500000	1482572.625000	1521164.250000	1558148.625000	1593524.250000	1627292.500000	1659452.625000	1690004.250000	1718948.750000	1746284.250000	1772012.625000	1796132.625000	1818644.250000	1839548.750000	1858844.250000	1876532.625000	1892612.750000	1907084.250000	1919948.875000	1931204.250000	1940852.750000	1948892.750000	1955324.250000	1960148.875000	1963364.250000	1964972.750000	1964972.750000	1963364.250000	1960148.875000	1955324.250000	1948892.750000	1940852.750000	1931204.250000	1919948.875000	1907084.250000	1892612.750000	1876532.625000	1858844.250000	1839548.750000	1818644.250000	1796132.625000	1772012.625000	1746284.250000	1718948.750000	1690004.250000	1659452.625000	1627292.500000	1593524.250000	1558148.625000	1521164.250000	1482572.625000	1442372.500000	1400564.375000	1357148.500000	1312124.500000	1265492.375000	1217252.500000	1167404.375000	1115948.500000	1062884.250000	1008212.562500	951932.312500	894044.500000	834548.375000	773444.562500	710732.312500	646412.625000	580484.375000	512950.062500	443812.843750	373090.718750	300829.187500	227133.859375	152202.234375	76348.890625	0.000000	
0.000000	83945.906250	167346.953125	249734.500000	330762.875000	410214.343750	487974.031250	563989.812500	638244.812500	710732.312500	781452.437500	850404.375000	917588.437500	983004.437500	1046652.437500	1108532.375000	1168644.500000	1226988.375000	1283564.500000	1338372.375000	1391412.625000	1442684.375000	1492188.500000	1539924.375000	1585892.625000	1630092.250000	1672524.750000	1713188.250000	1752084.625000	1789212.375000	1824572.250000	1858164.750000	1889988.125000	1920044.875000	1948332.375000	1974852.250000	1999604.875000	2022588.000000	2043804.875000	2063252.375000	2080932.250000	2096844.875000	2110988.000000	2123365.000000	2133972.500000	2142812.500000	2149885.000000	2155188.000000	2158725.000000	2160492.500000	2160492.500000	2158725.000000	2155188.000000	2149885.000000	2142812.500000	2133972.500000	2123365.000000	2110988.000000	2096844.875000	2080932.250000	2063252.375000	2043804.875000	2022588.000000	1999604.875000	1974852.250000	1948332.375000	1920044.875000	1889988.125000	1858164.750000	1824572.250000	1789212.375000	1752084.625000	1713188.250000	1672524.750000	1630092.250000	1585892.625000	1539924.375000	1492188.500000	1442684.375000	1391412.625000	1338372.375000	1283564.500000	1226988.375000	1168644.500000	1108532.375000	1046652.437500	983004.437500	917588.437500	850404.375000	781452.437500	710732.312500	638244.812500	563989.812500	487974.031250	410214.343750	330762.875000	249734.500000	167346.953125	83945.906250	0.000000	
0.000000	91353.000000	182113.062500	271770.187500	359948.031250	446410.250000	531030.500000	613754.375000	694560.437500	773444.562500	850404.375000	925440.312500	998552.500000	1069740.375000	1139004.500000	1206344.500000	1271760.500000	1335252.500000	1396820.500000	1456464.500000	1514184.375000	1569980.500000	1623852.375000	1675800.500000	1725824.250000	1773924.750000	1820100.000000	1864352.750000	1906680.125000	1947084.500000	1985564.625000	2022120.000000	2056753.125000	2089459.750000	2120244.750000	2149104.750000	2176039.750000	2201053.000000	2224139.750000	2245304.750000	2264544.750000	2281859.750000	2297253.000000	2310719.750000	2322264.750000	2331884.750000	2339579.750000	2345353.000000	2349199.750000	2351124.750000	2351124.750000	2349199.750000	2345353.000000	2339579.750000	2331884.750000	2322264.750000	2310719.750000	2297253.000000	2281859.750000	2264544.750000	2245304.750000	2224139.750000	2201053.000000	2176039.750000	2149104.750000	2120244.750000	2089459.750000	2056753.125000	2022120.000000	1985564.625000	1947084.500000	1906680.125000	1864352.750000	1820100.000000	1773924.750000	1725824.250000	1675800.500000	1623852.375000	1569980.500000	1514184.375000	1456464.500000	1396820.500000	1335252.500000	1271760.500000	1206344.500000	1139004.500000	1069740.375000	998552.500000	925440.312500	850404.375000	773444.562500	694560.437500	613754.375000	531030.500000	446410.250000	359948.031250	271770.187500	182113.062500	91353.000000	0.000000	
0.000000	98570.171875	196500.546875	293240.781250	388385.000000	481677.656250	572983.687500	662242.062500	749432.812500	834548.375000	917588.437500	998552.500000	1077440.375000	1154252.500000	1228988.500000	1301648.500000	1372232.375000	1440740.500000	1507172.375000	1571528.500000	1633808.500000	1694012.375000	1752140.500000	1808192.375000	1862168.750000	1914068.125000	1963893.000000	2011639.875000	2057312.750000	2100908.250000	2142428.250000	2181873.000000	2219239.750000	2254533.000000	2287748.000000	2318888.250000	2347953.000000	2374939.750000	2399853.000000	2422688.250000	2443448.250000	2462133.000000	2478739.750000	2493273.000000	2505728.250000	2516108.250000	2524413.000000	2530639.750000	2534793.000000	2536868.250000	2536868.250000	2534793.000000	2530639.750000	2524413.000000	2516108.250000	2505728.250000	2493273.000000	2478739.750000	2462133.000000	2443448.250000	2422688.250000	2399853.000000	2374939.750000	2347953.000000	2318888.250000	2287748.000000	2254533.000000	2219239.750000	2181873.000000	2142428.250000	2100908.250000	2057312.750000	2011639.875000	1963893.000000	1914068.125000	1862168.750000	1808192.375000	1752140.500000	1694012.375000	1633808.500000	1571528.500000	1507172.375000	1440740.500000	1372232.375000	1301648.500000	1228988.500000	1154252.500000	1077440.375000	998552.500000	917588.437500	834548.375000	749432.812500	662242.062500	572983.687500	481677.656250	388385.000000	293240.781250	196500.546875	98570.171875	0.000000	
0.000000	105597.414062	210509.406250	314146.406250	416073.531250	516017.312500	613832.062500	709454.562500	802860.500000	894044.500000	983004.437500	1069740.375000	1154252.500000	1236540.500000	1316604.375000	1394444.375000	1470060.500000	1543452.375000	1614620.500000	1683564.500000	1750284.250000	1814780.625000	1877052.375000	1937100.750000	1994924.000000	2050524.750000	2103900.000000	2155053.000000	2203980.250000	2250684.500000	2295164.500000	2337420.000000	2377453.000000	2415259.750000	2450844.750000	2484204.750000	2515339.750000	2544253.000000	2570939.750000	2595404.750000	2617644.750000	2637659.750000	2655453.000000	2671019.750000	2684364.750000	2695484.750000	2704379.750000	2711053.000000	2715499.750000	2717724.750000	2717724.750000	2715499.750000	2711053.000000	2704379.750000	2695484.750000	2684364.750000	2671019.750000	2655453.000000	2637659.750000	2617644.750000	2595404.750000	2570939.750000	2544253.000000	2515339.750000	2484204.750000	2450844.750000	2415259.750000	2377453.000000	2337420.000000	2295164.500000	2250684.500000	2203980.250000	2155053.000000	2103900.000000	2050524.750000	1994924.000000	1937100.750000	1877052.375000	1814780.625000	1750284.250000	1683564.500000	1614620.500000	1543452.375000	1470060.500000	1394444.375000	1316604.375000	1236540.500000	1154252.500000	1069740.375000	983004.437500	894044.500000	802860.500000	709454.562500	613832.062500	516017.312500	416073.531250	314146.406250	210509.406250	105597.414062	0.000000	
0.000000	112434.742188	224139.640625	334487.000000	443013.750000	549428.625000	653577.062500	755390.437500	854844.750000	951932.312500	1046652.437500	1139004.500000	1228988.500000	1316604.375000	1401852.500000	1484732.500000	1565244.375000	1643388.500000	1719164.500000	1792572.250000	1863612.750000	1932284.125000	1998588.875000	2062524.000000	2124092.750000	2183292.250000	2240124.500000	2294588.500000	2346684.250000	2396412.500000	2443772.250000	2488764.750000	2531388.250000	2571644.750000	2609532.250000	2645052.250000	2678204.750000	2708988.250000	2737404.750000	2763452.250000	2787132.250000	2808444.750000	2827388.250000	2843964.750000	2858172.250000	2870012.250000	2879484.750000	2886588.250000	2891324.750000	2893692.250000	2893692.250000	2891324.750000	2886588.250000	2879484.750000	2870012.250000	2858172.250000	2843964.750000	2827388.250000	2808444.750000	2787132.250000	2763452.250000	2737404.750000	2708988.250000	2678204.750000	2645052.250000	2609532.250000	2571644.750000	2531388.250000	2488764.750000	2443772.250000	2396412.500000	2346684.250000	2294588.500000	2240124.500000	2183292.250000	2124092.750000	2062524.000000	1998588.875000	1932284.125000	1863612.750000	1792572.250000	1719164.500000	1643388.500000	1565244.375000	1484732.500000	1401852.500000	1316604.375000	1228988.500000	1139004.500000	1046652.437500	951932.312500	854844.750000	755390.437500	653577.062500	549428.625000	443013.750000	334487.000000	224139.640625	112434.742188	0.000000	
0.000000	119082.125000	237391.265625	354262.562500	469205.656250	581912.000000	692217.750000	800050.687500	905384.562500	1008212.562500	1108532.375000	1206344.500000	1301648.500000	1394444.375000	1484732.500000	1572512.500000	1657784.375000	1740548.500000	1820804.250000	1898552.750000	1973791.875000	2046525.125000	2116747.750000	2184465.000000	2249672.000000	2312372.500000	2372565.000000	2430248.000000	2485425.000000	2538092.250000	2588252.250000	2635904.750000	2681048.250000	2723684.750000	2763812.250000	2801432.250000	2836544.750000	2869148.250000	2899244.750000	2926832.250000	2951912.250000	2974484.750000	2994548.250000	3012104.750000	3027152.250000	3039692.250000	3049724.750000	3057248.250000	3062264.750000	3064772.250000	3064772.250000	3062264.750000	3057248.250000	3049724.750000	3039692.250000	3027152.250000	3012104.750000	2994548.250000	2974484.750000	2951912.250000	2926832.250000	2899244.750000	2869148.250000	2836544.750000	2801432.250000	2763812.250000	2723684.750000	2681048.250000	2635904.750000	2588252.250000	2538092.250000	2485425.000000	2430248.000000	2372565.000000	2312372.500000	2249672.000000	2184465.000000	2116747.750000	2046525.125000	1973791.875000	1898552.750000	1820804.250000	1740548.500000	1657784.375000	1572512.500000	1484732.500000	1394444.375000	1301648.500000	1206344.500000	1108532.375000	1008212.562500	905384.562500	800050.687500	692217.750000	581912.000000	469205.656250	354262.562500	237391.265625	119082.125000	0.000000	
0.000000	125539.585938	250264.296875	373473.156250	494649.156250	613467.250000	729754.437500	843434.812500	954480.750000	1062884.250000	1168644.500000	1271760.500000	1372232.375000	1470060.500000	1565244.375000	1657784.375000	1747680.500000	1834932.375000	1919540.625000	2001503.875000	2080825.125000	2157499.750000	2231533.000000	2302919.750000	2371664.750000	2437764.750000	2501219.750000	2562033.000000	2620199.750000	2675724.750000	2728604.750000	2778839.750000	2826433.000000	2871379.750000	2913684.750000	2953344.750000	2990359.750000	3024733.000000	3056459.750000	3085544.750000	3111984.750000	3135779.750000	3156933.000000	3175439.750000	3191304.750000	3204524.750000	3215099.750000	3223033.000000	3228319.750000	3230964.750000	3230964.750000	3228319.750000	3223033.000000	3215099.750000	3204524.750000	3191304.750000	3175439.750000	3156933.000000	3135779.750000	3111984.750000	3085544.750000	3056459.750000	3024733.000000	2990359.750000	2953344.750000	2913684.750000	2871379.750000	2826433.000000	2778839.750000	2728604.750000	2675724.750000	2620199.750000	2562033.000000	2501219.750000	2437764.750000	2371664.750000	2302919.750000	2231533.000000	2157499.750000	2080825.125000	2001503.875000	1919540.625000	1834932.375000	1747680.500000	1657784.375000	1565244.375000	1470060.500000	1372232.375000	1271760.500000	1168644.500000	1062884.250000	954480.750000	843434.812500	729754.437500	613467.250000	494649.156250	373473.156250	250264.296875	125539.585938	0.000000	
0.000000	131807.140625	262758.656250	392118.718750	519344.437500	644094.250000	766187.250000	885542.937500	1002132.562500	1115948.500000	1226988.375000	1335252.500000	1440740.500000	1543452.375000	1643388.500000	1740548.500000	1834932.375000	1926540.625000	2015372.000000	2101428.750000	2184707.750000	2265213.000000	2342939.500000	2417893.000000	2490068.250000	2559468.250000	2626093.000000	2689939.750000	2751013.000000	2809308.250000	2864828.250000	2917573.000000	2967539.750000	3014733.000000	3059148.250000	3100788.250000	3139653.000000	3175739.750000	3209053.000000	3239588.250000	3267348.250000	3292333.000000	3314539.750000	3333973.000000	3350628.250000	3364508.250000	3375613.000000	3383939.750000	3389493.000000	3392268.250000	3392268.250000	3389493.000000	3383939.750000	3375613.000000	3364508.250000	3350628.250000	3333973.000000	3314539.750000	3292333.000000	3267348.250000	3239588.250000	3209053.000000	3175739.750000	3139653.000000	3100788.250000	3059148.250000	3014733.000000	2967539.750000	2917573.000000	2864828.250000	2809308.250000	2751013.000000	2689939.750000	2626093.000000	2559468.250000	2490068.250000	2417893.000000	2342939.500000	2265213.000000	2184707.750000	2101428.750000	2015372.000000	1926540.625000	1834932.375000	1740548.500000	1643388.500000	1543452.375000	1440740.500000	1335252.500000	1226988.375000	1115948.500000	1002132.562500	885542.937500	766187.250000	644094.250000	519344.437500	392118.718750	262758.656250	131807.140625	0.000000	
0.000000	137884.750000	274874.437500	410199.250000	543291.250000	673793.437500	801515.875000	926375.000000	1048340.750000	1167404.375000	1283564.500000	1396820.500000	1507172.375000	1614620.500000	1719164.500000	1820804.250000	1919540.625000	2015372.000000	2108300.750000	2198324.250000	2285445.000000	2369659.750000	2450973.000000	2529379.750000	2604884.750000	2677484.750000	2747179.750000	2813973.000000	2877859.750000	2938844.750000	2996924.750000	3052099.750000	3104373.000000	3153739.750000	3200204.750000	3243764.750000	3284419.750000	3322173.000000	3357019.750000	3388964.750000	3418004.750000	3444139.750000	3467373.000000	3487699.750000	3505124.750000	3519644.750000	3531259.750000	3539973.000000	3545779.750000	3548684.750000	3548684.750000	3545779.750000	3539973.000000	3531259.750000	3519644.750000	3505124.750000	3487699.750000	3467373.000000	3444139.750000	3418004.750000	3388964.750000	3357019.750000	3322173.000000	3284419.750000	3243764.750000	3200204.750000	3153739.750000	3104373.000000	3052099.750000	2996924.750000	2938844.750000	2877859.750000	2813973.000000	2747179.750000	2677484.750000	2604884.750000	2529379.750000	2450973.000000	2369659.750000	2285445.000000	2198324.250000	2108300.750000	2015372.000000	1919540.625000	1820804.250000	1719164.500000	1614620.500000	1507172.375000	1396820.500000	1283564.500000	1167404.375000	1048340.750000	926375.000000	801515.875000	673793.437500	543291.250000	410199.250000	274874.437500	137884.750000	0.000000	
0.000000	143772.437500	286611.593750	427714.750000	566489.875000	702564.312500	835740.562500	965931.187500	1093104.750000	1217252.500000	1338372.375000	1456464.500000	1571528.500000	1683564.500000	1792572.250000	1898552.750000	2001503.875000	2101428.750000	2198324.250000	2292192.750000	2383032.250000	2470844.750000	2555628.250000	2637384.750000	2716112.250000	2791812.250000	2864484.750000	2934128.250000	3000744.750000	3064332.250000	3124892.250000	3182424.750000	3236928.250000	3288404.750000	3336852.250000	3382272.250000	3424664.750000	3464028.250000	3500364.750000	3533672.250000	3563952.250000	3591204.750000	3615428.250000	3636624.750000	3654792.250000	3669932.250000	3682044.750000	3691128.250000	3697184.750000	3700212.250000	3700212.250000	3697184.750000	3691128.250000	3682044.750000	3669932.250000	3654792.250000	3636624.750000	3615428.250000	3591204.750000	3563952.250000	3533672.250000	3500364.750000	3464028.250000	3424664.750000	3382272.250000	3336852.250000	3288404.750000	3236928.250000	3182424.750000	3124892.250000	3064332.250000	3000744.750000	2934128.250000	2864484.750000	2791812.250000	2716112.250000	2637384.750000	2555628.250000	2470844.750000	2383032.250000	2292192.750000	2198324.250000	2101428.750000	2001503.875000	1898552.750000	1792572.250000	1683564.500000	1571528.500000	1456464.500000	1338372.375000	1217252.500000	1093104.750000	965931.187500	835740.562500	702564.312500	566489.875000	427714.750000	286611.593750	143772.437500	0.000000	
0.000000	149470.218750	297970.156250	444665.281250	588940.000000	730407.125000	868861.250000	1004211.187500	1136424.875000	1265492.375000	1391412.625000	1514184.375000	1633808.500000	1750284.250000	1863612.750000	1973791.875000	2080825.125000	2184707.750000	2285445.000000	2383032.250000	2477472.250000	2568764.750000	2656908.250000	2741904.750000	2823752.250000	2902452.250000	2978004.750000	3050408.250000	3119664.750000	3185772.250000	3248732.250000	3308544.750000	3365208.250000	3418724.750000	3469092.250000	3516312.250000	3560384.750000	3601308.250000	3639084.750000	3673712.250000	3705192.250000	3733524.750000	3758708.250000	3780744.750000	3799632.500000	3815372.500000	3827964.750000	3837408.250000	3843704.750000	3846852.500000	3846852.500000	3843704.750000	3837408.250000	3827964.750000	3815372.500000	3799632.500000	3780744.750000	3758708.250000	3733524.750000	3705192.250000	3673712.250000	3639084.750000	3601308.250000	3560384.750000	3516312.250000	3469092.250000	3418724.750000	3365208.250000	3308544.750000	3248732.250000	3185772.250000	3119664.750000	3050408.250000	2978004.750000	2902452.250000	2823752.250000	2741904.750000	2656908.250000	2568764.750000	2477472.250000	2383032.250000	2285445.000000	2184707.750000	2080825.125000	1973791.875000	1863612.750000	1750284.250000	1633808.500000	1514184.375000	1391412.625000	1265492.375000	1136424.875000	1004211.187500	868861.250000	730407.125000	588940.000000	444665.281250	297970.156250	149470.218750	0.000000	
0.000000	154978.062500	308950.031250	461050.781250	610641.812500	757322.000000	900877.687500	1041215.437500	1178300.750000	1312124.500000	1442684.375000	1569980.500000	1694012.375000	1814780.625000	1932284.125000	2046525.125000	2157499.750000	2265213.000000	2369659.750000	2470844.750000	2568764.750000	2663419.750000	2754813.000000	2842939.750000	2927804.750000	3009404.750000	3087739.750000	3162813.000000	3234619.750000	3303164.750000	3368444.750000	3430459.750000	3489213.000000	3544699.750000	3596924.750000	3645884.750000	3691579.750000	3734013.000000	3773179.750000	3809084.750000	3841724.750000	3871099.750000	3897213.000000	3920060.000000	3939644.750000	3955964.750000	3969020.000000	3978813.000000	3985340.000000	3988604.750000	3988604.750000	3985340.000000	3978813.000000	3969020.000000	3955964.750000	3939644.750000	3920060.000000	3897213.000000	3871099.750000	3841724.750000	3809084.750000	3773179.750000	3734013.000000	3691579.750000	3645884.750000	3596924.750000	3544699.750000	3489213.000000	3430459.750000	3368444.750000	3303164.750000	3234619.750000	3162813.000000	3087739.750000	3009404.750000	2927804.750000	2842939.750000	2754813.000000	2663419.750000	2568764.750000	2470844.750000	2369659.750000	2265213.000000	2157499.750000	2046525.125000	1932284.125000	1814780.625000	1694012.375000	1569980.500000	1442684.375000	1312124.500000	1178300.750000	1041215.437500	900877.687500	757322.000000	610641.812500	461050.781250	308950.031250	154978.062500	0.000000	
0.000000	160295.953125	319551.375000	476871.187500	631595.437500	783308.500000	931790.500000	1076943.375000	1218732.750000	1357148.500000	1492188.500000	1623852.375000	1752140.500000	1877052.375000	1998588.875000	2116747.750000	2231533.000000	2342939.500000	2450973.000000	2555628.250000	2656908.250000	2754813.000000	2849339.750000	2940493.000000	3028268.250000	3112668.250000	3193693.000000	3271339.750000	3345613.000000	3416508.250000	3484028.250000	3548173.000000	3608939.750000	3666333.000000	3720348.250000	3770988.250000	3818253.000000	3862140.000000	3902653.000000	3939788.250000	3973548.250000	4003933.000000	4030939.750000	4054573.000000	4074828.000000	4091708.000000	4105212.750000	4115339.750000	4122092.750000	4125468.000000	4125468.000000	4122092.750000	4115339.750000	4105212.750000	4091708.000000	4074828.000000	4054573.000000	4030939.750000	4003933.000000	3973548.250000	3939788.250000	3902653.000000	3862140.000000	3818253.000000	3770988.250000	3720348.250000	3666333.000000	3608939.750000	3548173.000000	3484028.250000	3416508.250000	3345613.000000	3271339.750000	3193693.000000	3112668.250000	3028268.250000	2940493.000000	2849339.750000	2754813.000000	2656908.250000	2555628.250000	2450973.000000	2342939.500000	2231533.000000	2116747.750000	1998588.875000	1877052.375000	1752140.500000	1623852.375000	1492188.500000	1357148.500000	1218732.750000	1076943.375000	931790.500000	783308.500000	631595.437500	476871.187500	319551.375000	160295.953125	0.000000	
0.000000	165423.953125	329774.031250	492126.687500	651800.437500	808367.187500	961598.875000	1111395.625000	1257720.750000	1400564.375000	1539924.375000	1675800.500000	1808192.375000	1937100.750000	2062524.000000	2184465.000000	2302919.750000	2417893.000000	2529379.750000	2637384.750000	2741904.750000	2842939.750000	2940493.000000	3034559.750000	3125144.750000	3212244.750000	3295859.750000	3375993.000000	3452639.750000	3525804.750000	3595484.750000	3661679.750000	3724393.000000	3783619.750000	3839364.750000	3891624.750000	3940400.000000	3985692.750000	4027500.250000	4065824.500000	4100664.750000	4132019.750000	4159893.000000	4184279.750000	4205184.500000	4222604.500000	4236540.000000	4246992.500000	4253960.000000	4257444.500000	4257444.500000	4253960.000000	4246992.500000	4236540.000000	4222604.500000	4205184.500000	4184279.750000	4159893.000000	4132019.750000	4100664.750000	4065824.500000	4027500.250000	3985692.750000	3940400.000000	3891624.750000	3839364.750000	3783619.750000	3724393.000000	3661679.750000	3595484.750000	3525804.750000	3452639.750000	3375993.000000	3295859.750000	3212244.750000	3125144.750000	3034559.750000	2940493.000000	2842939.750000	2741904.750000	2637384.750000	2529379.750000	2417893.000000	2302919.750000	2184465.000000	2062524.000000	1937100.750000	1808192.375000	1675800.500000	1539924.375000	1400564.375000	1257720.750000	1111395.625000	961598.875000	808367.187500	651800.437500	492126.687500	329774.031250	165423.953125	0.000000	
0.000000	170362.031250	339618.093750	506817.093750	671257.375000	832497.562500	990303.562500	1144571.625000	1295264.875000	1442372.500000	1585892.625000	1725824.250000	1862168.750000	1994924.000000	2124092.750000	2249672.000000	2371664.750000	2490068.250000	2604884.750000	2716112.250000	2823752.250000	2927804.750000	3028268.250000	3125144.750000	3218432.250000	3308132.250000	3394244.750000	3476768.250000	3555704.750000	3631052.250000	3702812.250000	3770985.000000	3835568.000000	3896565.000000	3953972.000000	4007792.500000	4058024.250000	4104668.500000	4147724.250000	4187192.750000	4223072.500000	4255364.500000	4284068.000000	4309184.500000	4330712.000000	4348652.000000	4363004.500000	4373767.500000	4380944.500000	4384532.000000	4384532.000000	4380944.500000	4373767.500000	4363004.500000	4348652.000000	4330712.000000	4309184.500000	4284068.000000	4255364.500000	4223072.500000	4187192.750000	4147724.250000	4104668.500000	4058024.250000	4007792.500000	3953972.000000	3896565.000000	3835568.000000	3770985.000000	3702812.250000	3631052.250000	3555704.750000	3476768.250000	3394244.750000	3308132.250000	3218432.250000	3125144.750000	3028268.250000	2927804.750000	2823752.250000	2716112.250000	2604884.750000	2490068.250000	2371664.750000	2249672.000000	2124092.750000	1994924.000000	1862168.750000	1725824.250000	1585892.625000	1442372.500000	1295264.875000	1144571.625000	990303.562500	832497.562500	671257.375000	506817.093750	339618.093750	170362.031250	0.000000	
0.000000	175110.125000	349083.593750	520942.500000	689965.875000	855699.937500	1017904.125000	1176471.750000	1331364.875000	1482572.625000	1630092.250000	1773924.750000	1914068.125000	2050524.750000	2183292.250000	2312372.500000	2437764.750000	2559468.250000	2677484.750000	2791812.250000	2902452.250000	3009404.750000	3112668.250000	3212244.750000	3308132.250000	3400332.250000	3488844.750000	3573668.250000	3654804.750000	3732252.250000	3806012.500000	3876084.250000	3942468.750000	4005164.250000	4064172.750000	4119492.000000	4171124.750000	4219067.500000	4263324.500000	4303892.000000	4340772.000000	4373964.500000	4403468.000000	4429284.500000	4451412.000000	4469852.000000	4484604.500000	4495667.500000	4503044.500000	4506732.000000	4506732.000000	4503044.500000	4495667.500000	4484604.500000	4469852.000000	4451412.000000	4429284.500000	4403468.000000	4373964.500000	4340772.000000	4303892.000000	4263324.500000	4219067.500000	4171124.750000	4119492.000000	4064172.750000	4005164.250000	3942468.750000	3876084.250000	3806012.500000	3732252.250000	3654804.750000	3573668.250000	3488844.750000	3400332.250000	3308132.250000	3212244.750000	3112668.250000	3009404.750000	2902452.250000	2791812.250000	2677484.750000	2559468.250000	2437764.750000	2312372.500000	2183292.250000	2050524.750000	1914068.125000	1773924.750000	1630092.250000	1482572.625000	1331364.875000	1176471.750000	1017904.125000	855699.937500	689965.875000	520942.500000	349083.593750	175110.125000	0.000000	
0.000000	179668.390625	358170.375000	534502.937500	707925.937500	877974.375000	1044400.437500	1207095.875000	1366020.875000	1521164.250000	1672524.750000	1820100.000000	1963893.000000	2103900.000000	2240124.500000	2372565.000000	2501219.750000	2626093.000000	2747179.750000	2864484.750000	2978004.750000	3087739.750000	3193693.000000	3295859.750000	3394244.750000	3488844.750000	3579659.750000	3666693.000000	3749940.000000	3829404.500000	3905084.500000	3976980.250000	4045092.500000	4109420.250000	4169964.000000	4226724.500000	4279700.000000	4328892.500000	4374299.500000	4415924.500000	4453764.500000	4487820.000000	4518092.500000	4544579.500000	4567284.500000	4586204.500000	4601339.500000	4612692.000000	4620259.500000	4624044.500000	4624044.500000	4620259.500000	4612692.000000	4601339.500000	4586204.500000	4567284.500000	4544579.500000	4518092.500000	4487820.000000	4453764.500000	4415924.500000	4374299.500000	4328892.500000	4279700.000000	4226724.500000	4169964.000000	4109420.250000	4045092.500000	3976980.250000	3905084.500000	3829404.500000	3749940.000000	3666693.000000	3579659.750000	3488844.750000	3394244.750000	3295859.750000	3193693.000000	3087739.750000	2978004.750000	2864484.750000	2747179.750000	2626093.000000	2501219.750000	2372565.000000	2240124.500000	2103900.000000	1963893.000000	1820100.000000	1672524.750000	1521164.250000	1366020.875000	1207095.875000	1044400.437500	877974.375000	707925.937500	534502.937500	358170.375000	179668.390625	0.000000	
